  Sublimation   :    1.3374031683051156E-007
  Precipitation :    3.5573059999999997E-005
  Evaporation   :    3.9595290000000003E-005
  River run off :    3.4387000354967565E-006
  Calibration factor for precipitaion :     1.020163300017872     
