  Sublimation   :    1.3374031683051156E-007
  Precipitation :    3.5654100000000001E-005
  Evaporation   :    4.0025009999999998E-005
  River run off :    3.4387000354967565E-006
  Calibration factor for precipitaion :     1.029896990285374     
