&nml_calib_rad
  total_shortwave=167.951d0,
  downward_longwave=345.696d0,
  total_water_flux=-0.396159d0,
  total_ice_thermodynamics=-1.3975d0,
  total_other=8.00952d0,
  area_ocean=3.6540395d14,
/
